ang,disp
0.001, 0.151613
0.0014789579158316633, 0.224229
0.0019579158316633265, 0.296844
0.00243687374749499, 0.369459
0.002915831663326653, 0.442074
0.0033947895791583164, 0.514688
0.00387374749498998, 0.587301
0.0043527054108216424, 0.659913
0.004831663326653307, 0.732525
0.005310621242484969, 0.805135
0.005789579158316633, 0.877744
0.006268537074148296, 0.950352
0.00674749498997996, 1.022958
0.007226452905811623, 1.095563
0.007705410821643286, 1.168167
0.00818436873747495, 1.240768
0.008663326653306613, 1.313368
0.009142284569138275, 1.385966
0.009621242484969938, 1.458562
0.010100200400801604, 1.531155
0.010579158316633266, 1.603747
0.011058116232464929, 1.676336
0.011537074148296592, 1.748923
0.012016032064128254, 1.821507
0.01249498997995992, 1.894088
0.012973947895791583, 1.966667
0.013452905811623245, 2.039243
0.013931863727454908, 2.111816
0.01441082164328657, 2.184386
0.014889779559118237, 2.256952
0.0153687374749499, 2.329515
0.015847695390781562, 2.402075
0.016326653306613224, 2.474632
0.01680561122244489, 2.547184
0.017284569138276553, 2.619733
0.017763527054108216, 2.692278
0.018242484969939878, 2.764820
0.018721442885771544, 2.837357
0.019200400801603207, 2.909890
0.01967935871743487, 2.982418
0.020158316633266532, 3.054943
0.020637274549098195, 3.127463
0.02111623246492986, 3.199978
0.021595190380761523, 3.272488
0.022074148296593186, 3.344994
0.02255310621242485, 3.417495
0.02303206412825651, 3.489991
0.023511022044088177, 3.562482
0.02398997995991984, 3.634967
0.024468937875751502, 3.707447
0.024947895791583165, 3.779922
0.025426853707414827, 3.852391
0.025905811623246493, 3.924855
0.026384769539078156, 3.997312
0.02686372745490982, 4.069764
0.02734268537074148, 4.142210
0.027821643286573144, 4.214650
0.02830060120240481, 4.287083
0.028779559118236472, 4.359511
0.029258517034068135, 4.431931
0.029737474949899798, 4.504346
0.03021643286573146, 4.576753
0.030695390781563126, 4.649154
0.03117434869739479, 4.721548
0.03165330661322645, 4.793935
0.03213226452905811, 4.866315
0.03261122244488978, 4.938688
0.03309018036072144, 5.011054
0.033569138276553105, 5.083412
0.03404809619238477, 5.155763
0.03452705410821643, 5.228106
0.03500601202404809, 5.300441
0.035484969939879756, 5.372768
0.03596392785571142, 5.445088
0.03644288577154309, 5.517399
0.03692184368737475, 5.589702
0.03740080160320641, 5.661997
0.037879759519038075, 5.734284
0.03835871743486974, 5.806562
0.0388376753507014, 5.878832
0.03931663326653306, 5.951092
0.039795591182364726, 6.023344
0.04027454909819639, 6.095587
0.04075350701402805, 6.167821
0.04123246492985972, 6.240046
0.04171142284569138, 6.312262
0.042190380761523046, 6.384468
0.04266933867735471, 6.456665
0.04314829659318637, 6.528852
0.04362725450901803, 6.601029
0.044106212424849696, 6.673196
0.04458517034068136, 6.745354
0.04506412825651302, 6.817502
0.045543086172344684, 6.889639
0.04602204408817635, 6.961766
0.046501002004008016, 7.033883
0.04697995991983968, 7.105989
0.04745891783567134, 7.178084
0.047937875751503004, 7.250169
0.048416833667334666, 7.322243
0.04889579158316633, 7.394306
0.04937474949899799, 7.466358
0.049853707414829654, 7.538399
0.050332665330661316, 7.610429
0.050811623246492986, 7.682447
0.05129058116232465, 7.754454
0.05176953907815631, 7.826449
0.052248496993987974, 7.898432
0.052727454909819636, 7.970403
0.0532064128256513, 8.042363
0.05368537074148296, 8.114310
0.054164328657314624, 8.186245
0.05464328657314629, 8.258168
0.05512224448897795, 8.330078
0.05560120240480962, 8.401976
0.05608016032064128, 8.473861
0.056559118236472944, 8.545734
0.057038076152304606, 8.617593
0.05751703406813627, 8.689440
0.05799599198396793, 8.761273
0.058474949899799594, 8.833093
0.05895390781563126, 8.904900
0.05943286573146292, 8.976693
0.05991182364729458, 9.048473
0.06039078156312625, 9.120239
0.060869739478957914, 9.191991
0.06134869739478958, 9.263730
0.06182765531062124, 9.335454
0.0623066132264529, 9.407164
0.06278557114228456, 9.478860
0.06326452905811622, 9.550541
0.0637434869739479, 9.622208
0.06422244488977956, 9.693860
0.06470140280561122, 9.765497
0.06518036072144288, 9.837120
0.06565931863727455, 9.908727
0.06613827655310621, 9.980320
0.06661723446893787, 10.051897
0.06709619238476953, 10.123459
0.0675751503006012, 10.195005
0.06805410821643286, 10.266536
0.06853306613226452, 10.338051
0.06901202404809618, 10.409550
0.06949098196392785, 10.481034
0.06996993987975951, 10.552501
0.07044889779559117, 10.623952
0.07092785571142284, 10.695386
0.0714068136272545, 10.766805
0.07188577154308617, 10.838206
0.07236472945891784, 10.909591
0.0728436873747495, 10.980960
0.07332264529058116, 11.052311
0.07380160320641282, 11.123645
0.07428056112224449, 11.194962
0.07475951903807615, 11.266262
0.07523847695390781, 11.337544
0.07571743486973948, 11.408809
0.07619639278557114, 11.480056
0.0766753507014028, 11.551286
0.07715430861723446, 11.622497
0.07763326653306613, 11.693691
0.07811222444889779, 11.764866
0.07859118236472945, 11.836023
0.07907014028056111, 11.907161
0.07954909819639278, 11.978281
0.08002805611222444, 12.049383
0.0805070140280561, 12.120466
0.08098597194388776, 12.191529
0.08146492985971944, 12.262574
0.0819438877755511, 12.333599
0.08242284569138277, 12.404606
0.08290180360721443, 12.475593
0.08338076152304609, 12.546560
0.08385971943887775, 12.617507
0.08433867735470942, 12.688435
0.08481763527054108, 12.759343
0.08529659318637274, 12.830231
0.0857755511022044, 12.901099
0.08625450901803607, 12.971946
0.08673346693386773, 13.042773
0.08721242484969939, 13.113580
0.08769138276553105, 13.184365
0.08817034068136272, 13.255130
0.08864929859719438, 13.325874
0.08912825651302604, 13.396597
0.0896072144288577, 13.467298
0.09008617234468937, 13.537979
0.09056513026052103, 13.608638
0.0910440881763527, 13.679275
0.09152304609218437, 13.749890
0.09200200400801603, 13.820484
0.0924809619238477, 13.891055
0.09295991983967936, 13.961605
0.09343887775551102, 14.032132
0.09391783567134268, 14.102637
0.09439679358717434, 14.173119
0.094875751503006, 14.243578
0.09535470941883767, 14.314015
0.09583366733466933, 14.384429
0.096312625250501, 14.454820
0.09679158316633266, 14.525187
0.09727054108216432, 14.595532
0.09774949899799598, 14.665852
0.09822845691382764, 14.736149
0.0987074148296593, 14.806423
0.09918637274549097, 14.876672
0.09966533066132263, 14.946898
0.10014428857715431, 15.017099
0.10062324649298597, 15.087276
0.10110220440881763, 15.157428
0.1015811623246493, 15.227556
0.10206012024048096, 15.297660
0.10253907815631262, 15.367738
0.10301803607214428, 15.437791
0.10349699398797595, 15.507820
0.10397595190380761, 15.577823
0.10445490981963927, 15.647800
0.10493386773547093, 15.717752
0.1054128256513026, 15.787679
0.10589178356713426, 15.857579
0.10637074148296592, 15.927453
0.10684969939879758, 15.997302
0.10732865731462925, 16.067124
0.10780761523046091, 16.136920
0.10828657314629257, 16.206689
0.10876553106212423, 16.276431
0.1092444889779559, 16.346147
0.10972344689378757, 16.415836
0.11020240480961924, 16.485497
0.1106813627254509, 16.555131
0.11116032064128256, 16.624738
0.11163927855711422, 16.694317
0.11211823647294589, 16.763869
0.11259719438877755, 16.833393
0.11307615230460921, 16.902888
0.11355511022044087, 16.972356
0.11403406813627254, 17.041795
0.1145130260521042, 17.111206
0.11499198396793586, 17.180588
0.11547094188376752, 17.249941
0.11594989979959919, 17.319266
0.11642885771543085, 17.388561
0.11690781563126251, 17.457828
0.11738677354709418, 17.527065
0.11786573146292584, 17.596272
0.1183446893787575, 17.665450
0.11882364729458916, 17.734598
0.11930260521042084, 17.803716
0.1197815631262525, 17.872804
0.12026052104208416, 17.941861
0.12073947895791583, 18.010888
0.12121843687374749, 18.079885
0.12169739478957915, 18.148851
0.12217635270541082, 18.217786
0.12265531062124248, 18.286690
0.12313426853707414, 18.355563
0.1236132264529058, 18.424404
0.12409218436873747, 18.493214
0.12457114228456913, 18.561992
0.12505010020040078, 18.630739
0.12552905811623244, 18.699453
0.12600801603206413, 18.768136
0.1264869739478958, 18.836786
0.12696593186372745, 18.905403
0.12744488977955912, 18.973988
0.12792384769539078, 19.042540
0.12840280561122244, 19.111059
0.1288817635270541, 19.179545
0.12936072144288577, 19.247998
0.12983967935871743, 19.316418
0.1303186372745491, 19.384803
0.13079759519038076, 19.453155
0.13127655310621242, 19.521474
0.13175551102204408, 19.589758
0.13223446893787574, 19.658007
0.1327134268537074, 19.726223
0.13319238476953907, 19.794403
0.13367134268537073, 19.862549
0.1341503006012024, 19.930660
0.13462925851703406, 19.998736
0.13510821643286572, 20.066777
0.13558717434869738, 20.134782
0.13606613226452904, 20.202752
0.1365450901803607, 20.270686
0.13702404809619237, 20.338584
0.13750300601202403, 20.406446
0.1379819639278557, 20.474271
0.13846092184368736, 20.542060
0.13893987975951902, 20.609813
0.13941883767535068, 20.677528
0.13989779559118234, 20.745207
0.140376753507014, 20.812849
0.14085571142284567, 20.880453
0.14133466933867733, 20.948019
0.141813627254509, 21.015548
0.14229258517034066, 21.083040
0.14277154308617235, 21.150493
0.143250501002004, 21.217908
0.14372945891783567, 21.285284
0.14420841683366734, 21.352622
0.144687374749499, 21.419921
0.14516633266533066, 21.487181
0.14564529058116232, 21.554403
0.14612424849699399, 21.621584
0.14660320641282565, 21.688727
0.1470821643286573, 21.755829
0.14756112224448897, 21.822892
0.14804008016032064, 21.889915
0.1485190380761523, 21.956898
0.14899799599198396, 22.023840
0.14947695390781562, 22.090741
0.1499559118236473, 22.157602
0.15043486973947895, 22.224422
0.1509138276553106, 22.291201
0.15139278557114227, 22.357938
0.15187174348697394, 22.424634
0.1523507014028056, 22.491288
0.15282965931863726, 22.557900
0.15330861723446892, 22.624470
0.1537875751503006, 22.690998
0.15426653306613225, 22.757483
0.1547454909819639, 22.823925
0.15522444889779557, 22.890325
0.15570340681362724, 22.956682
0.1561823647294589, 23.022995
0.15666132264529056, 23.089265
0.15714028056112223, 23.155491
0.1576192384769539, 23.221673
0.15809819639278555, 23.287811
0.1585771543086172, 23.353905
0.15905611222444888, 23.419955
0.15953507014028054, 23.485960
0.1600140280561122, 23.551920
0.16049298597194386, 23.617834
0.16097194388777553, 23.683704
0.16145090180360722, 23.749528
0.16192985971943888, 23.815306
0.16240881763527054, 23.881039
0.1628877755511022, 23.946725
0.16336673346693387, 24.012366
0.16384569138276553, 24.077959
0.1643246492985972, 24.143506
0.16480360721442885, 24.209006
0.16528256513026052, 24.274459
0.16576152304609218, 24.339864
0.16624048096192384, 24.405222
0.1667194388777555, 24.470532
0.16719839679358717, 24.535794
0.16767735470941883, 24.601008
0.1681563126252505, 24.666173
0.16863527054108216, 24.731290
0.16911422845691382, 24.796358
0.16959318637274548, 24.861377
0.17007214428857714, 24.926346
0.1705511022044088, 24.991266
0.17103006012024047, 25.056137
0.17150901803607213, 25.120957
0.1719879759519038, 25.185727
0.17246693386773546, 25.250447
0.17294589178356712, 25.315116
0.17342484969939878, 25.379734
0.17390380761523044, 25.444301
0.1743827655310621, 25.508817
0.17486172344689377, 25.573282
0.17534068136272543, 25.637694
0.1758196392785571, 25.702055
0.17629859719438876, 25.766363
0.17677755511022042, 25.830619
0.17725651302605208, 25.894822
0.17773547094188374, 25.958972
0.1782144288577154, 26.023069
0.17869338677354707, 26.087113
0.17917234468937873, 26.151103
0.1796513026052104, 26.215039
0.18013026052104206, 26.278921
0.18060921843687375, 26.342749
0.1810881763527054, 26.406522
0.18156713426853707, 26.470240
0.18204609218436874, 26.533903
0.1825250501002004, 26.597511
0.18300400801603206, 26.661063
0.18348296593186372, 26.724560
0.18396192384769539, 26.788000
0.18444088176352705, 26.851384
0.1849198396793587, 26.914712
0.18539879759519037, 26.977983
0.18587775551102204, 27.041196
0.1863567134268537, 27.104353
0.18683567134268536, 27.167452
0.18731462925851702, 27.230493
0.1877935871743487, 27.293476
0.18827254509018035, 27.356400
0.188751503006012, 27.419266
0.18923046092184367, 27.482074
0.18970941883767534, 27.544822
0.190188376753507, 27.607510
0.19066733466933866, 27.670140
0.19114629258517032, 27.732709
0.191625250501002, 27.795218
0.19210420841683365, 27.857666
0.1925831663326653, 27.920054
0.19306212424849697, 27.982381
0.19354108216432864, 28.044647
0.1940200400801603, 28.106851
0.19449899799599196, 28.168994
0.19497795591182362, 28.231074
0.1954569138276553, 28.293093
0.19593587174348695, 28.355048
0.1964148296593186, 28.416941
0.19689378757515028, 28.478770
0.19737274549098194, 28.540537
0.1978517034068136, 28.602239
0.19833066132264526, 28.663877
0.19880961923847693, 28.725452
0.19928857715430862, 28.786961
0.19976753507014028, 28.848406
0.20024649298597194, 28.909786
0.2007254509018036, 28.971100
0.20120440881763527, 29.032348
0.20168336673346693, 29.093531
0.2021623246492986, 29.154647
0.20264128256513025, 29.215697
0.20312024048096192, 29.276679
0.20359919839679358, 29.337595
0.20407815631262524, 29.398443
0.2045571142284569, 29.459224
0.20503607214428857, 29.519936
0.20551503006012023, 29.580580
0.2059939879759519, 29.641155
0.20647294589178355, 29.701661
0.20695190380761522, 29.762098
0.20743086172344688, 29.822465
0.20790981963927854, 29.882763
0.2083887775551102, 29.942990
0.20886773547094187, 30.003147
0.20934669338677353, 30.063233
0.2098256513026052, 30.123247
0.21030460921843686, 30.183190
0.21078356713426852, 30.243062
0.21126252505010018, 30.302861
0.21174148296593184, 30.362588
0.2122204408817635, 30.422242
0.21269939879759517, 30.481823
0.21317835671342683, 30.541330
0.2136573146292585, 30.600764
0.21413627254509016, 30.660124
0.21461523046092182, 30.719409
0.21509418837675348, 30.778620
0.21557314629258514, 30.837755
0.2160521042084168, 30.896815
0.21653106212424847, 30.955800
0.21701002004008013, 31.014708
0.2174889779559118, 31.073540
0.21796793587174348, 31.132295
0.21844689378757515, 31.190972
0.2189258517034068, 31.249573
0.21940480961923847, 31.308095
0.21988376753507013, 31.366540
0.2203627254509018, 31.424906
0.22084168336673346, 31.483193
0.22132064128256512, 31.541401
0.22179959919839679, 31.599529
0.22227855711422845, 31.657577
0.2227575150300601, 31.715545
0.22323647294589177, 31.773432
0.22371543086172344, 31.831239
0.2241943887775551, 31.888963
0.22467334669338676, 31.946607
0.22515230460921842, 32.004167
0.22563126252505009, 32.061646
0.22611022044088175, 32.119041
0.2265891783567134, 32.176354
0.22706813627254507, 32.233582
0.22754709418837674, 32.290727
0.2280260521042084, 32.347787
0.22850501002004006, 32.404762
0.22898396793587172, 32.461652
0.2294629258517034, 32.518457
0.22994188376753505, 32.575175
0.2304208416833667, 32.631808
0.23089979959919837, 32.688353
0.23137875751503004, 32.744811
0.2318577154308617, 32.801182
0.23233667334669336, 32.857465
0.23281563126252502, 32.913659
0.2332945891783567, 32.969765
0.23377354709418835, 33.025781
0.23425250501002, 33.081708
0.23473146292585167, 33.137545
0.23521042084168334, 33.193292
0.235689378757515, 33.248947
0.23616833667334666, 33.304511
0.23664729458917833, 33.359984
0.23712625250501002, 33.415365
0.23760521042084168, 33.470653
0.23808416833667334, 33.525848
0.238563126252505, 33.580949
0.23904208416833667, 33.635957
0.23952104208416833, 33.690871
0.24, 33.745690
